%%
coords = [[0,0];[1,0];[2,0];[0,1];[1,1];[2,1]];
connec_dof = [[1,2];[3,4];[5,6];[7,8];[9 10];[11 12]];
connec = [[1 2];[2 3];[1 5];[4 2];[4,5];[5,2];[5,3];[2,6];[5,6];[6,3]];
E = (10^9)*[70 70 70 70 70 70 70 70 70 70]';
A = (10^-4)*[1 1 1 1 1 1 1 1 1 1]';
f_in = containers.Map({4,6},{-100,-100});
u_in = containers.Map({1,2,7,8},{0,0,0,0});